Days:(1),Worms:[1(0,-1)],Food:[(0,-6)]
Days:(2),Worms:[1(0,-2)],Food:[(0,-6),(2,2)]
Days:(3),Worms:[1(0,-3)],Food:[(0,-6),(2,2),(-5,3)]
Days:(4),Worms:[1(0,-4)],Food:[(0,-6),(2,2),(-5,3),(5,11)]
Days:(5),Worms:[1(0,-5)],Food:[(0,-6),(2,2),(-5,3),(5,11),(12,-7)]
Days:(6),Worms:[1(0,-6)],Food:[(2,2),(-5,3),(5,11),(12,-7),(-2,3)]
Days:(7),Worms:[1(1,-6)],Food:[(2,2),(-5,3),(5,11),(12,-7),(-2,3),(2,9)]
Days:(8),Worms:[1(2,-6)],Food:[(2,2),(-5,3),(5,11),(12,-7),(-2,3),(2,9),(-6,4)]
Days:(9),Worms:[1(2,-5)],Food:[(2,2),(-5,3),(5,11),(12,-7),(-2,3),(2,9),(-6,4),(1,4)]
Days:(10),Worms:[1(1,-5)],Food:[(2,2),(-5,3),(5,11),(12,-7),(-2,3),(2,9),(-6,4),(1,4),(-2,-5)]
Days:(11),Worms:[1(0,-5)],Food:[(-5,3),(5,11),(12,-7),(-2,3),(2,9),(-6,4),(1,4),(-2,-5),(2,1)]
Days:(12),Worms:[1(-1,-5)],Food:[(5,11),(12,-7),(-2,3),(2,9),(-6,4),(1,4),(-2,-5),(2,1),(3,7)]
Days:(13),Worms:[1(-2,-5)],Food:[(12,-7),(-2,3),(2,9),(-6,4),(1,4),(2,1),(3,7),(5,1)]
Days:(14),Worms:[1(-2,-4)],Food:[(-2,3),(2,9),(-6,4),(1,4),(2,1),(3,7),(5,1),(-4,-11)]
Days:(15),Worms:[1(-2,-3)],Food:[(2,9),(-6,4),(1,4),(2,1),(3,7),(5,1),(-4,-11),(5,-6)]
Days:(16),Worms:[1(-1,-3)],Food:[(-6,4),(1,4),(2,1),(3,7),(5,1),(-4,-11),(5,-6),(14,-1)]
Days:(17),Worms:[1(0,-3)],Food:[(1,4),(2,1),(3,7),(5,1),(-4,-11),(5,-6),(14,-1),(-4,1)]
Days:(18),Worms:[1(1,-3)],Food:[(2,1),(3,7),(5,1),(-4,-11),(5,-6),(14,-1),(-4,1),(-1,6)]
Days:(19),Worms:[1(2,-3)],Food:[(2,1),(3,7),(5,1),(-4,-11),(5,-6),(14,-1),(-4,1),(-1,6),(8,-2)]
Days:(20),Worms:[1(2,-2)],Food:[(3,7),(5,1),(-4,-11),(5,-6),(14,-1),(-4,1),(-1,6),(8,-2),(8,5)]
Days:(21),Worms:[1(3,-2)],Food:[(5,1),(-4,-11),(5,-6),(14,-1),(-4,1),(-1,6),(8,-2),(8,5),(-3,4)]
Days:(22),Worms:[1(4,-2)],Food:[(-4,-11),(5,-6),(14,-1),(-4,1),(-1,6),(8,-2),(8,5),(-3,4),(-7,-3)]
Days:(23),Worms:[1(5,-2)],Food:[(5,-6),(14,-1),(-4,1),(-1,6),(8,-2),(8,5),(-3,4),(-7,-3),(-7,-1)]
Days:(24),Worms:[1(6,-2)],Food:[(14,-1),(-4,1),(-1,6),(8,-2),(8,5),(-3,4),(-7,-3),(-7,-1),(7,-2)]
Days:(25),Worms:[1(7,-2)],Food:[(-4,1),(-1,6),(8,-2),(8,5),(-3,4),(-7,-3),(-7,-1),(9,4)]
Days:(26),Worms:[1(8,-2)],Food:[(-1,6),(8,5),(-3,4),(-7,-3),(-7,-1),(9,4),(3,-2)]
Days:(27),Worms:[1(8,-2)],Food:[(8,5),(-3,4),(-7,-3),(-7,-1),(9,4),(3,-2),(2,3)]
Days:(27),Worms:[2(9,-2)],Food:[(8,5),(-3,4),(-7,-3),(-7,-1),(9,4),(3,-2),(2,3)]
Days:(28),Worms:[1(7,-2)],Food:[(8,5),(-3,4),(-7,-3),(-7,-1),(9,4),(3,-2),(2,3),(1,-4)]
Days:(28),Worms:[2(9,-1)],Food:[(8,5),(-3,4),(-7,-3),(-7,-1),(9,4),(3,-2),(2,3),(1,-4)]
Days:(29),Worms:[1(6,-2)],Food:[(-3,4),(-7,-3),(-7,-1),(9,4),(3,-2),(2,3),(1,-4),(5,6)]
Days:(29),Worms:[2(9,0)],Food:[(-3,4),(-7,-3),(-7,-1),(9,4),(3,-2),(2,3),(1,-4),(5,6)]
Days:(30),Worms:[1(5,-2)],Food:[(-7,-3),(-7,-1),(9,4),(3,-2),(2,3),(1,-4),(5,6),(-2,2)]
Days:(30),Worms:[2(9,1)],Food:[(-7,-3),(-7,-1),(9,4),(3,-2),(2,3),(1,-4),(5,6),(-2,2)]
Days:(31),Worms:[1(4,-2)],Food:[(-7,-1),(9,4),(3,-2),(2,3),(1,-4),(5,6),(-2,2),(-2,1)]
Days:(31),Worms:[2(9,2)],Food:[(-7,-1),(9,4),(3,-2),(2,3),(1,-4),(5,6),(-2,2),(-2,1)]
Days:(32),Worms:[1(3,-2)],Food:[(9,4),(2,3),(1,-4),(5,6),(-2,2),(-2,1),(4,-8)]
Days:(32),Worms:[2(9,3)],Food:[(9,4),(2,3),(1,-4),(5,6),(-2,2),(-2,1),(4,-8)]
Days:(33),Worms:[1(2,-2)],Food:[(2,3),(1,-4),(5,6),(-2,2),(-2,1),(4,-8),(6,-3)]
Days:(33),Worms:[2(9,4)],Food:[(2,3),(1,-4),(5,6),(-2,2),(-2,1),(4,-8),(6,-3)]
Days:(34),Worms:[1(1,-2)],Food:[(2,3),(1,-4),(5,6),(-2,2),(-2,1),(4,-8),(6,-3),(5,7)]
Days:(34),Worms:[2(8,4)],Food:[(2,3),(1,-4),(5,6),(-2,2),(-2,1),(4,-8),(6,-3),(5,7)]
Days:(35),Worms:[1(1,-3)],Food:[(2,3),(1,-4),(5,6),(-2,2),(-2,1),(4,-8),(6,-3),(5,7),(1,0)]
Days:(35),Worms:[2(7,4)],Food:[(2,3),(1,-4),(5,6),(-2,2),(-2,1),(4,-8),(6,-3),(5,7),(1,0)]
Days:(36),Worms:[1(1,-4)],Food:[(5,6),(-2,2),(-2,1),(4,-8),(6,-3),(5,7),(1,0),(7,7)]
Days:(36),Worms:[2(7,5)],Food:[(5,6),(-2,2),(-2,1),(4,-8),(6,-3),(5,7),(1,0),(7,7)]
Days:(37),Worms:[1(1,-4)],Food:[(5,6),(-2,2),(-2,1),(4,-8),(6,-3),(5,7),(1,0),(7,7),(-11,10)]
Days:(37),Worms:[3(2,-4)],Food:[(5,6),(-2,2),(-2,1),(4,-8),(6,-3),(5,7),(1,0),(7,7),(-11,10)]
Days:(37),Worms:[2(7,6)],Food:[(5,6),(-2,2),(-2,1),(4,-8),(6,-3),(5,7),(1,0),(7,7),(-11,10)]
Days:(38),Worms:[1(1,-3)],Food:[(-2,2),(-2,1),(4,-8),(6,-3),(5,7),(1,0),(-11,10),(-1,2)]
Days:(38),Worms:[3(3,-4)],Food:[(-2,2),(-2,1),(4,-8),(6,-3),(5,7),(1,0),(-11,10),(-1,2)]
Days:(38),Worms:[2(7,7)],Food:[(-2,2),(-2,1),(4,-8),(6,-3),(5,7),(1,0),(-11,10),(-1,2)]
Days:(39),Worms:[1(1,-2)],Food:[(-2,1),(4,-8),(6,-3),(5,7),(1,0),(-11,10),(-1,2),(1,3)]
Days:(39),Worms:[3(4,-4)],Food:[(-2,1),(4,-8),(6,-3),(5,7),(1,0),(-11,10),(-1,2),(1,3)]
Days:(39),Worms:[2(6,7)],Food:[(-2,1),(4,-8),(6,-3),(5,7),(1,0),(-11,10),(-1,2),(1,3)]
Days:(40),Worms:[1(1,-1)],Food:[(4,-8),(6,-3),(1,0),(-11,10),(-1,2),(1,3),(-4,-3)]
Days:(40),Worms:[3(5,-4)],Food:[(4,-8),(6,-3),(1,0),(-11,10),(-1,2),(1,3),(-4,-3)]
Days:(40),Worms:[2(5,7)],Food:[(4,-8),(6,-3),(1,0),(-11,10),(-1,2),(1,3),(-4,-3)]
Days:(41),Worms:[1(1,0)],Food:[(6,-3),(-11,10),(-1,2),(1,3),(-4,-3),(-2,3)]
Days:(41),Worms:[3(6,-4)],Food:[(6,-3),(-11,10),(-1,2),(1,3),(-4,-3),(-2,3)]
Days:(41),Worms:[2(5,7)],Food:[(6,-3),(-11,10),(-1,2),(1,3),(-4,-3),(-2,3)]
Days:(41),Worms:[4(6,7)],Food:[(6,-3),(-11,10),(-1,2),(1,3),(-4,-3),(-2,3)]
Days:(42),Worms:[1(2,0)],Food:[(-11,10),(-1,2),(1,3),(-4,-3),(-2,3),(2,1)]
Days:(42),Worms:[3(6,-3)],Food:[(-11,10),(-1,2),(1,3),(-4,-3),(-2,3),(2,1)]
Days:(42),Worms:[2(4,7)],Food:[(-11,10),(-1,2),(1,3),(-4,-3),(-2,3),(2,1)]
Days:(42),Worms:[4(5,7)],Food:[(-11,10),(-1,2),(1,3),(-4,-3),(-2,3),(2,1)]
Days:(43),Worms:[1(2,1)],Food:[(-11,10),(-1,2),(1,3),(-4,-3),(-2,3),(-3,-2)]
Days:(43),Worms:[3(5,-3)],Food:[(-11,10),(-1,2),(1,3),(-4,-3),(-2,3),(-3,-2)]
Days:(43),Worms:[2(3,7)],Food:[(-11,10),(-1,2),(1,3),(-4,-3),(-2,3),(-3,-2)]
Days:(43),Worms:[4(4,7)],Food:[(-11,10),(-1,2),(1,3),(-4,-3),(-2,3),(-3,-2)]
Days:(44),Worms:[1(2,1)],Food:[(-11,10),(-1,2),(1,3),(-4,-3),(-2,3),(-3,-2),(-6,-2)]
Days:(44),Worms:[5(3,1)],Food:[(-11,10),(-1,2),(1,3),(-4,-3),(-2,3),(-3,-2),(-6,-2)]
Days:(44),Worms:[3(4,-3)],Food:[(-11,10),(-1,2),(1,3),(-4,-3),(-2,3),(-3,-2),(-6,-2)]
Days:(44),Worms:[2(2,7)],Food:[(-11,10),(-1,2),(1,3),(-4,-3),(-2,3),(-3,-2),(-6,-2)]
Days:(44),Worms:[4(3,7)],Food:[(-11,10),(-1,2),(1,3),(-4,-3),(-2,3),(-3,-2),(-6,-2)]
Days:(45),Worms:[1(1,1)],Food:[(-11,10),(-1,2),(1,3),(-4,-3),(-2,3),(-3,-2),(-6,-2),(11,2)]
Days:(45),Worms:[5(2,1)],Food:[(-11,10),(-1,2),(1,3),(-4,-3),(-2,3),(-3,-2),(-6,-2),(11,2)]
Days:(45),Worms:[3(3,-3)],Food:[(-11,10),(-1,2),(1,3),(-4,-3),(-2,3),(-3,-2),(-6,-2),(11,2)]
Days:(45),Worms:[2(1,7)],Food:[(-11,10),(-1,2),(1,3),(-4,-3),(-2,3),(-3,-2),(-6,-2),(11,2)]
Days:(45),Worms:[4(2,7)],Food:[(-11,10),(-1,2),(1,3),(-4,-3),(-2,3),(-3,-2),(-6,-2),(11,2)]
Days:(46),Worms:[1(1,2)],Food:[(-1,2),(1,3),(-4,-3),(-2,3),(-3,-2),(-6,-2),(11,2),(7,-1)]
Days:(46),Worms:[5(1,1)],Food:[(-1,2),(1,3),(-4,-3),(-2,3),(-3,-2),(-6,-2),(11,2),(7,-1)]
Days:(46),Worms:[3(4,-3)],Food:[(-1,2),(1,3),(-4,-3),(-2,3),(-3,-2),(-6,-2),(11,2),(7,-1)]
Days:(46),Worms:[2(1,6)],Food:[(-1,2),(1,3),(-4,-3),(-2,3),(-3,-2),(-6,-2),(11,2),(7,-1)]
Days:(46),Worms:[4(1,7)],Food:[(-1,2),(1,3),(-4,-3),(-2,3),(-3,-2),(-6,-2),(11,2),(7,-1)]
Days:(47),Worms:[1(1,3)],Food:[(-4,-3),(-2,3),(-3,-2),(-6,-2),(11,2),(7,-1),(-4,0)]
Days:(47),Worms:[5(1,2)],Food:[(-4,-3),(-2,3),(-3,-2),(-6,-2),(11,2),(7,-1),(-4,0)]
Days:(47),Worms:[3(5,-3)],Food:[(-4,-3),(-2,3),(-3,-2),(-6,-2),(11,2),(7,-1),(-4,0)]
Days:(47),Worms:[2(1,5)],Food:[(-4,-3),(-2,3),(-3,-2),(-6,-2),(11,2),(7,-1),(-4,0)]
Days:(47),Worms:[4(1,6)],Food:[(-4,-3),(-2,3),(-3,-2),(-6,-2),(11,2),(7,-1),(-4,0)]
Days:(48),Worms:[1(1,3)],Food:[(-4,-3),(-2,3),(-3,-2),(-6,-2),(11,2),(7,-1),(-4,0),(4,7)]
Days:(48),Worms:[6(2,3)],Food:[(-4,-3),(-2,3),(-3,-2),(-6,-2),(11,2),(7,-1),(-4,0),(4,7)]
Days:(48),Worms:[5(0,2)],Food:[(-4,-3),(-2,3),(-3,-2),(-6,-2),(11,2),(7,-1),(-4,0),(4,7)]
Days:(48),Worms:[3(6,-3)],Food:[(-4,-3),(-2,3),(-3,-2),(-6,-2),(11,2),(7,-1),(-4,0),(4,7)]
Days:(48),Worms:[2(0,5)],Food:[(-4,-3),(-2,3),(-3,-2),(-6,-2),(11,2),(7,-1),(-4,0),(4,7)]
Days:(48),Worms:[4(2,6)],Food:[(-4,-3),(-2,3),(-3,-2),(-6,-2),(11,2),(7,-1),(-4,0),(4,7)]
Days:(49),Worms:[1(0,3)],Food:[(-2,3),(-3,-2),(-6,-2),(11,2),(7,-1),(-4,0),(4,7),(5,6)]
Days:(49),Worms:[6(1,3)],Food:[(-2,3),(-3,-2),(-6,-2),(11,2),(7,-1),(-4,0),(4,7),(5,6)]
Days:(49),Worms:[5(-1,2)],Food:[(-2,3),(-3,-2),(-6,-2),(11,2),(7,-1),(-4,0),(4,7),(5,6)]
Days:(49),Worms:[3(7,-3)],Food:[(-2,3),(-3,-2),(-6,-2),(11,2),(7,-1),(-4,0),(4,7),(5,6)]
Days:(49),Worms:[2(-1,5)],Food:[(-2,3),(-3,-2),(-6,-2),(11,2),(7,-1),(-4,0),(4,7),(5,6)]
Days:(49),Worms:[4(3,6)],Food:[(-2,3),(-3,-2),(-6,-2),(11,2),(7,-1),(-4,0),(4,7),(5,6)]
Days:(50),Worms:[1(-1,3)],Food:[(-3,-2),(-6,-2),(11,2),(7,-1),(-4,0),(4,7),(5,6),(-10,-3)]
Days:(50),Worms:[6(0,3)],Food:[(-3,-2),(-6,-2),(11,2),(7,-1),(-4,0),(4,7),(5,6),(-10,-3)]
Days:(50),Worms:[5(-2,2)],Food:[(-3,-2),(-6,-2),(11,2),(7,-1),(-4,0),(4,7),(5,6),(-10,-3)]
Days:(50),Worms:[3(7,-2)],Food:[(-3,-2),(-6,-2),(11,2),(7,-1),(-4,0),(4,7),(5,6),(-10,-3)]
Days:(50),Worms:[2(-2,5)],Food:[(-3,-2),(-6,-2),(11,2),(7,-1),(-4,0),(4,7),(5,6),(-10,-3)]
Days:(51),Worms:[1(-2,3)],Food:[(-3,-2),(-6,-2),(11,2),(-4,0),(4,7),(5,6),(-10,-3),(-9,3)]
Days:(51),Worms:[6(-1,3)],Food:[(-3,-2),(-6,-2),(11,2),(-4,0),(4,7),(5,6),(-10,-3),(-9,3)]
Days:(51),Worms:[5(-3,2)],Food:[(-3,-2),(-6,-2),(11,2),(-4,0),(4,7),(5,6),(-10,-3),(-9,3)]
Days:(51),Worms:[3(7,-1)],Food:[(-3,-2),(-6,-2),(11,2),(-4,0),(4,7),(5,6),(-10,-3),(-9,3)]
Days:(51),Worms:[2(-3,5)],Food:[(-3,-2),(-6,-2),(11,2),(-4,0),(4,7),(5,6),(-10,-3),(-9,3)]
Days:(52),Worms:[1(-3,3)],Food:[(-6,-2),(11,2),(-4,0),(4,7),(5,6),(-10,-3),(-9,3),(-4,9)]
Days:(52),Worms:[6(-2,3)],Food:[(-6,-2),(11,2),(-4,0),(4,7),(5,6),(-10,-3),(-9,3),(-4,9)]
Days:(52),Worms:[5(-4,2)],Food:[(-6,-2),(11,2),(-4,0),(4,7),(5,6),(-10,-3),(-9,3),(-4,9)]
Days:(52),Worms:[3(8,-1)],Food:[(-6,-2),(11,2),(-4,0),(4,7),(5,6),(-10,-3),(-9,3),(-4,9)]
Days:(52),Worms:[2(-4,5)],Food:[(-6,-2),(11,2),(-4,0),(4,7),(5,6),(-10,-3),(-9,3),(-4,9)]
Days:(53),Worms:[1(-4,3)],Food:[(11,2),(-4,0),(4,7),(5,6),(-10,-3),(-9,3),(-4,9),(9,-2)]
Days:(53),Worms:[6(-3,3)],Food:[(11,2),(-4,0),(4,7),(5,6),(-10,-3),(-9,3),(-4,9),(9,-2)]
Days:(53),Worms:[3(9,-1)],Food:[(11,2),(-4,0),(4,7),(5,6),(-10,-3),(-9,3),(-4,9),(9,-2)]
Days:(53),Worms:[2(-4,6)],Food:[(11,2),(-4,0),(4,7),(5,6),(-10,-3),(-9,3),(-4,9),(9,-2)]
Days:(54),Worms:[1(-4,2)],Food:[(-4,0),(4,7),(5,6),(-10,-3),(-9,3),(-4,9),(0,0)]
Days:(54),Worms:[6(-4,3)],Food:[(-4,0),(4,7),(5,6),(-10,-3),(-9,3),(-4,9),(0,0)]
Days:(54),Worms:[3(9,-2)],Food:[(-4,0),(4,7),(5,6),(-10,-3),(-9,3),(-4,9),(0,0)]
Days:(54),Worms:[2(-4,7)],Food:[(-4,0),(4,7),(5,6),(-10,-3),(-9,3),(-4,9),(0,0)]
Days:(55),Worms:[1(-4,1)],Food:[(-4,0),(4,7),(5,6),(-10,-3),(-9,3),(-4,9),(0,0),(-7,-3)]
Days:(55),Worms:[6(-4,2)],Food:[(-4,0),(4,7),(5,6),(-10,-3),(-9,3),(-4,9),(0,0),(-7,-3)]
Days:(55),Worms:[3(9,-2)],Food:[(-4,0),(4,7),(5,6),(-10,-3),(-9,3),(-4,9),(0,0),(-7,-3)]
Days:(55),Worms:[7(10,-2)],Food:[(-4,0),(4,7),(5,6),(-10,-3),(-9,3),(-4,9),(0,0),(-7,-3)]
Days:(55),Worms:[2(-4,8)],Food:[(-4,0),(4,7),(5,6),(-10,-3),(-9,3),(-4,9),(0,0),(-7,-3)]
Days:(56),Worms:[1(-4,0)],Food:[(4,7),(5,6),(-10,-3),(-9,3),(0,0),(-7,-3),(0,3)]
Days:(56),Worms:[6(-4,1)],Food:[(4,7),(5,6),(-10,-3),(-9,3),(0,0),(-7,-3),(0,3)]
Days:(56),Worms:[3(8,-2)],Food:[(4,7),(5,6),(-10,-3),(-9,3),(0,0),(-7,-3),(0,3)]
Days:(56),Worms:[7(9,-2)],Food:[(4,7),(5,6),(-10,-3),(-9,3),(0,0),(-7,-3),(0,3)]
Days:(56),Worms:[2(-4,9)],Food:[(4,7),(5,6),(-10,-3),(-9,3),(0,0),(-7,-3),(0,3)]
Days:(57),Worms:[1(-3,0)],Food:[(5,6),(-10,-3),(-9,3),(0,0),(-7,-3),(0,3),(-4,4)]
Days:(57),Worms:[3(7,-2)],Food:[(5,6),(-10,-3),(-9,3),(0,0),(-7,-3),(0,3),(-4,4)]
Days:(57),Worms:[7(8,-2)],Food:[(5,6),(-10,-3),(-9,3),(0,0),(-7,-3),(0,3),(-4,4)]
Days:(57),Worms:[2(-4,8)],Food:[(5,6),(-10,-3),(-9,3),(0,0),(-7,-3),(0,3),(-4,4)]
Days:(58),Worms:[1(-2,0)],Food:[(-10,-3),(-9,3),(0,0),(-7,-3),(0,3),(-4,4),(1,-1)]
Days:(58),Worms:[3(6,-2)],Food:[(-10,-3),(-9,3),(0,0),(-7,-3),(0,3),(-4,4),(1,-1)]
Days:(58),Worms:[7(7,-2)],Food:[(-10,-3),(-9,3),(0,0),(-7,-3),(0,3),(-4,4),(1,-1)]
Days:(58),Worms:[2(-4,7)],Food:[(-10,-3),(-9,3),(0,0),(-7,-3),(0,3),(-4,4),(1,-1)]
Days:(59),Worms:[1(-1,0)],Food:[(-9,3),(0,0),(-7,-3),(0,3),(-4,4),(1,-1),(0,-2)]
Days:(59),Worms:[3(5,-2)],Food:[(-9,3),(0,0),(-7,-3),(0,3),(-4,4),(1,-1),(0,-2)]
Days:(59),Worms:[7(6,-2)],Food:[(-9,3),(0,0),(-7,-3),(0,3),(-4,4),(1,-1),(0,-2)]
Days:(59),Worms:[2(-4,6)],Food:[(-9,3),(0,0),(-7,-3),(0,3),(-4,4),(1,-1),(0,-2)]
Days:(60),Worms:[1(0,0)],Food:[(-7,-3),(0,3),(-4,4),(1,-1),(0,-2),(-5,1)]
Days:(60),Worms:[3(4,-2)],Food:[(-7,-3),(0,3),(-4,4),(1,-1),(0,-2),(-5,1)]
Days:(60),Worms:[7(5,-2)],Food:[(-7,-3),(0,3),(-4,4),(1,-1),(0,-2),(-5,1)]
Days:(60),Worms:[2(-4,5)],Food:[(-7,-3),(0,3),(-4,4),(1,-1),(0,-2),(-5,1)]
Days:(61),Worms:[1(0,0)],Food:[(-7,-3),(0,3),(1,-1),(0,-2),(-5,1),(1,-4)]
Days:(61),Worms:[8(1,0)],Food:[(-7,-3),(0,3),(1,-1),(0,-2),(-5,1),(1,-4)]
Days:(61),Worms:[3(3,-2)],Food:[(-7,-3),(0,3),(1,-1),(0,-2),(-5,1),(1,-4)]
Days:(61),Worms:[7(4,-2)],Food:[(-7,-3),(0,3),(1,-1),(0,-2),(-5,1),(1,-4)]
Days:(61),Worms:[2(-4,4)],Food:[(-7,-3),(0,3),(1,-1),(0,-2),(-5,1),(1,-4)]
Days:(62),Worms:[1(1,0)],Food:[(-7,-3),(0,3),(0,-2),(-5,1),(1,-4),(-7,2)]
Days:(62),Worms:[8(1,-1)],Food:[(-7,-3),(0,3),(0,-2),(-5,1),(1,-4),(-7,2)]
Days:(62),Worms:[3(2,-2)],Food:[(-7,-3),(0,3),(0,-2),(-5,1),(1,-4),(-7,2)]
Days:(62),Worms:[7(3,-2)],Food:[(-7,-3),(0,3),(0,-2),(-5,1),(1,-4),(-7,2)]
Days:(62),Worms:[2(-5,4)],Food:[(-7,-3),(0,3),(0,-2),(-5,1),(1,-4),(-7,2)]
Days:(63),Worms:[1(0,0)],Food:[(-7,-3),(0,3),(0,-2),(-5,1),(1,-4),(-7,2),(-3,-1)]
Days:(63),Worms:[8(0,-1)],Food:[(-7,-3),(0,3),(0,-2),(-5,1),(1,-4),(-7,2),(-3,-1)]
Days:(63),Worms:[3(1,-2)],Food:[(-7,-3),(0,3),(0,-2),(-5,1),(1,-4),(-7,2),(-3,-1)]
Days:(63),Worms:[7(2,-2)],Food:[(-7,-3),(0,3),(0,-2),(-5,1),(1,-4),(-7,2),(-3,-1)]
Days:(63),Worms:[2(-5,3)],Food:[(-7,-3),(0,3),(0,-2),(-5,1),(1,-4),(-7,2),(-3,-1)]
Days:(64),Worms:[1(0,-1)],Food:[(0,3),(-5,1),(1,-4),(-7,2),(-3,-1),(8,1)]
Days:(64),Worms:[8(0,-2)],Food:[(0,3),(-5,1),(1,-4),(-7,2),(-3,-1),(8,1)]
Days:(64),Worms:[3(0,-2)],Food:[(0,3),(-5,1),(1,-4),(-7,2),(-3,-1),(8,1)]
Days:(64),Worms:[2(-5,2)],Food:[(0,3),(-5,1),(1,-4),(-7,2),(-3,-1),(8,1)]
Days:(65),Worms:[1(-1,-1)],Food:[(1,-4),(-7,2),(-3,-1),(8,1),(4,-3)]
Days:(65),Worms:[8(0,-2)],Food:[(1,-4),(-7,2),(-3,-1),(8,1),(4,-3)]
Days:(65),Worms:[9(1,-2)],Food:[(1,-4),(-7,2),(-3,-1),(8,1),(4,-3)]
Days:(65),Worms:[3(1,-2)],Food:[(1,-4),(-7,2),(-3,-1),(8,1),(4,-3)]
Days:(65),Worms:[2(-5,1)],Food:[(1,-4),(-7,2),(-3,-1),(8,1),(4,-3)]
Days:(66),Worms:[1(-2,-1)],Food:[(1,-4),(-7,2),(-3,-1),(8,1),(4,-3),(4,-5)]
Days:(66),Worms:[8(1,-2)],Food:[(1,-4),(-7,2),(-3,-1),(8,1),(4,-3),(4,-5)]
Days:(66),Worms:[9(1,-3)],Food:[(1,-4),(-7,2),(-3,-1),(8,1),(4,-3),(4,-5)]
Days:(66),Worms:[3(1,-3)],Food:[(1,-4),(-7,2),(-3,-1),(8,1),(4,-3),(4,-5)]
Days:(66),Worms:[2(-5,1)],Food:[(1,-4),(-7,2),(-3,-1),(8,1),(4,-3),(4,-5)]
Days:(66),Worms:[10(-4,1)],Food:[(1,-4),(-7,2),(-3,-1),(8,1),(4,-3),(4,-5)]
Days:(67),Worms:[1(-3,-1)],Food:[(-7,2),(8,1),(4,-3),(4,-5),(-4,9)]
Days:(67),Worms:[8(1,-3)],Food:[(-7,2),(8,1),(4,-3),(4,-5),(-4,9)]
Days:(67),Worms:[9(1,-4)],Food:[(-7,2),(8,1),(4,-3),(4,-5),(-4,9)]
Days:(67),Worms:[3(1,-4)],Food:[(-7,2),(8,1),(4,-3),(4,-5),(-4,9)]
Days:(67),Worms:[2(-6,1)],Food:[(-7,2),(8,1),(4,-3),(4,-5),(-4,9)]
Days:(67),Worms:[10(-3,1)],Food:[(-7,2),(8,1),(4,-3),(4,-5),(-4,9)]
Days:(68),Worms:[1(-4,-1)],Food:[(-7,2),(8,1),(4,-3),(4,-5),(-4,9),(2,6)]
Days:(68),Worms:[8(2,-3)],Food:[(-7,2),(8,1),(4,-3),(4,-5),(-4,9),(2,6)]
Days:(68),Worms:[9(2,-4)],Food:[(-7,2),(8,1),(4,-3),(4,-5),(-4,9),(2,6)]
Days:(68),Worms:[3(2,-4)],Food:[(-7,2),(8,1),(4,-3),(4,-5),(-4,9),(2,6)]
Days:(68),Worms:[2(-7,1)],Food:[(-7,2),(8,1),(4,-3),(4,-5),(-4,9),(2,6)]
Days:(68),Worms:[10(-4,1)],Food:[(-7,2),(8,1),(4,-3),(4,-5),(-4,9),(2,6)]
Days:(69),Worms:[1(-3,-1)],Food:[(8,1),(4,-3),(4,-5),(-4,9),(2,6),(-2,-2)]
Days:(69),Worms:[8(3,-3)],Food:[(8,1),(4,-3),(4,-5),(-4,9),(2,6),(-2,-2)]
Days:(69),Worms:[9(3,-4)],Food:[(8,1),(4,-3),(4,-5),(-4,9),(2,6),(-2,-2)]
Days:(69),Worms:[3(3,-4)],Food:[(8,1),(4,-3),(4,-5),(-4,9),(2,6),(-2,-2)]
Days:(69),Worms:[2(-7,2)],Food:[(8,1),(4,-3),(4,-5),(-4,9),(2,6),(-2,-2)]
Days:(69),Worms:[10(-5,1)],Food:[(8,1),(4,-3),(4,-5),(-4,9),(2,6),(-2,-2)]
Days:(70),Worms:[1(-2,-1)],Food:[(8,1),(4,-5),(-4,9),(2,6),(-2,-2),(2,-1)]
Days:(70),Worms:[8(4,-3)],Food:[(8,1),(4,-5),(-4,9),(2,6),(-2,-2),(2,-1)]
Days:(70),Worms:[9(4,-4)],Food:[(8,1),(4,-5),(-4,9),(2,6),(-2,-2),(2,-1)]
Days:(70),Worms:[3(4,-4)],Food:[(8,1),(4,-5),(-4,9),(2,6),(-2,-2),(2,-1)]
Days:(70),Worms:[2(-6,2)],Food:[(8,1),(4,-5),(-4,9),(2,6),(-2,-2),(2,-1)]
Days:(70),Worms:[10(-4,1)],Food:[(8,1),(4,-5),(-4,9),(2,6),(-2,-2),(2,-1)]
Days:(71),Worms:[1(-2,-2)],Food:[(8,1),(-4,9),(2,6),(2,-1),(2,-3)]
Days:(71),Worms:[8(4,-3)],Food:[(8,1),(-4,9),(2,6),(2,-1),(2,-3)]
Days:(71),Worms:[11(5,-3)],Food:[(8,1),(-4,9),(2,6),(2,-1),(2,-3)]
Days:(71),Worms:[9(4,-5)],Food:[(8,1),(-4,9),(2,6),(2,-1),(2,-3)]
Days:(71),Worms:[3(4,-5)],Food:[(8,1),(-4,9),(2,6),(2,-1),(2,-3)]
Days:(71),Worms:[2(-5,2)],Food:[(8,1),(-4,9),(2,6),(2,-1),(2,-3)]
Days:(71),Worms:[10(-3,1)],Food:[(8,1),(-4,9),(2,6),(2,-1),(2,-3)]
Days:(72),Worms:[1(-1,-2)],Food:[(8,1),(-4,9),(2,6),(2,-1),(2,-3),(9,0)]
Days:(72),Worms:[8(3,-3)],Food:[(8,1),(-4,9),(2,6),(2,-1),(2,-3),(9,0)]
Days:(72),Worms:[11(4,-3)],Food:[(8,1),(-4,9),(2,6),(2,-1),(2,-3),(9,0)]
Days:(72),Worms:[9(4,-5)],Food:[(8,1),(-4,9),(2,6),(2,-1),(2,-3),(9,0)]
Days:(72),Worms:[12(5,-5)],Food:[(8,1),(-4,9),(2,6),(2,-1),(2,-3),(9,0)]
Days:(72),Worms:[3(4,-5)],Food:[(8,1),(-4,9),(2,6),(2,-1),(2,-3),(9,0)]
Days:(72),Worms:[13(3,-5)],Food:[(8,1),(-4,9),(2,6),(2,-1),(2,-3),(9,0)]
Days:(72),Worms:[2(-4,2)],Food:[(8,1),(-4,9),(2,6),(2,-1),(2,-3),(9,0)]
Days:(72),Worms:[10(-2,1)],Food:[(8,1),(-4,9),(2,6),(2,-1),(2,-3),(9,0)]
Days:(73),Worms:[1(0,-2)],Food:[(-4,9),(2,6),(2,-1),(9,0),(0,2)]
Days:(73),Worms:[8(2,-3)],Food:[(-4,9),(2,6),(2,-1),(9,0),(0,2)]
Days:(73),Worms:[11(3,-3)],Food:[(-4,9),(2,6),(2,-1),(9,0),(0,2)]
Days:(73),Worms:[9(3,-5)],Food:[(-4,9),(2,6),(2,-1),(9,0),(0,2)]
Days:(73),Worms:[12(4,-5)],Food:[(-4,9),(2,6),(2,-1),(9,0),(0,2)]
Days:(73),Worms:[3(3,-5)],Food:[(-4,9),(2,6),(2,-1),(9,0),(0,2)]
Days:(73),Worms:[13(2,-5)],Food:[(-4,9),(2,6),(2,-1),(9,0),(0,2)]
Days:(73),Worms:[2(-3,2)],Food:[(-4,9),(2,6),(2,-1),(9,0),(0,2)]
Days:(73),Worms:[10(-1,1)],Food:[(-4,9),(2,6),(2,-1),(9,0),(0,2)]
Days:(74),Worms:[1(1,-2)],Food:[(-4,9),(2,6),(2,-1),(9,0),(0,2),(-4,-6)]
Days:(74),Worms:[8(2,-2)],Food:[(-4,9),(2,6),(2,-1),(9,0),(0,2),(-4,-6)]
Days:(74),Worms:[11(2,-3)],Food:[(-4,9),(2,6),(2,-1),(9,0),(0,2),(-4,-6)]
Days:(74),Worms:[9(2,-5)],Food:[(-4,9),(2,6),(2,-1),(9,0),(0,2),(-4,-6)]
Days:(74),Worms:[12(3,-5)],Food:[(-4,9),(2,6),(2,-1),(9,0),(0,2),(-4,-6)]
Days:(74),Worms:[3(2,-5)],Food:[(-4,9),(2,6),(2,-1),(9,0),(0,2),(-4,-6)]
Days:(74),Worms:[13(2,-4)],Food:[(-4,9),(2,6),(2,-1),(9,0),(0,2),(-4,-6)]
Days:(74),Worms:[2(-2,2)],Food:[(-4,9),(2,6),(2,-1),(9,0),(0,2),(-4,-6)]
Days:(74),Worms:[10(0,1)],Food:[(-4,9),(2,6),(2,-1),(9,0),(0,2),(-4,-6)]
Days:(75),Worms:[1(2,-2)],Food:[(-4,9),(2,6),(9,0),(-4,-6),(-3,-6)]
Days:(75),Worms:[8(2,-1)],Food:[(-4,9),(2,6),(9,0),(-4,-6),(-3,-6)]
Days:(75),Worms:[11(2,-2)],Food:[(-4,9),(2,6),(9,0),(-4,-6),(-3,-6)]
Days:(75),Worms:[9(2,-4)],Food:[(-4,9),(2,6),(9,0),(-4,-6),(-3,-6)]
Days:(75),Worms:[12(2,-5)],Food:[(-4,9),(2,6),(9,0),(-4,-6),(-3,-6)]
Days:(75),Worms:[3(2,-4)],Food:[(-4,9),(2,6),(9,0),(-4,-6),(-3,-6)]
Days:(75),Worms:[13(2,-3)],Food:[(-4,9),(2,6),(9,0),(-4,-6),(-3,-6)]
Days:(75),Worms:[2(-1,2)],Food:[(-4,9),(2,6),(9,0),(-4,-6),(-3,-6)]
Days:(75),Worms:[10(0,2)],Food:[(-4,9),(2,6),(9,0),(-4,-6),(-3,-6)]
Days:(76),Worms:[1(1,-2)],Food:[(2,6),(9,0),(-4,-6),(-3,-6),(0,0)]
Days:(76),Worms:[8(2,-1)],Food:[(2,6),(9,0),(-4,-6),(-3,-6),(0,0)]
Days:(76),Worms:[14(3,-1)],Food:[(2,6),(9,0),(-4,-6),(-3,-6),(0,0)]
Days:(76),Worms:[11(1,-2)],Food:[(2,6),(9,0),(-4,-6),(-3,-6),(0,0)]
Days:(76),Worms:[9(1,-4)],Food:[(2,6),(9,0),(-4,-6),(-3,-6),(0,0)]
Days:(76),Worms:[12(1,-5)],Food:[(2,6),(9,0),(-4,-6),(-3,-6),(0,0)]
Days:(76),Worms:[3(1,-4)],Food:[(2,6),(9,0),(-4,-6),(-3,-6),(0,0)]
Days:(76),Worms:[13(1,-3)],Food:[(2,6),(9,0),(-4,-6),(-3,-6),(0,0)]
Days:(76),Worms:[2(0,2)],Food:[(2,6),(9,0),(-4,-6),(-3,-6),(0,0)]
Days:(76),Worms:[10(0,1)],Food:[(2,6),(9,0),(-4,-6),(-3,-6),(0,0)]
Days:(77),Worms:[1(0,-2)],Food:[(9,0),(-4,-6),(-3,-6),(7,4)]
Days:(77),Worms:[8(1,-1)],Food:[(9,0),(-4,-6),(-3,-6),(7,4)]
Days:(77),Worms:[14(2,-1)],Food:[(9,0),(-4,-6),(-3,-6),(7,4)]
Days:(77),Worms:[11(0,-2)],Food:[(9,0),(-4,-6),(-3,-6),(7,4)]
Days:(77),Worms:[9(0,-4)],Food:[(9,0),(-4,-6),(-3,-6),(7,4)]
Days:(77),Worms:[12(0,-5)],Food:[(9,0),(-4,-6),(-3,-6),(7,4)]
Days:(77),Worms:[3(0,-4)],Food:[(9,0),(-4,-6),(-3,-6),(7,4)]
Days:(77),Worms:[13(0,-3)],Food:[(9,0),(-4,-6),(-3,-6),(7,4)]
Days:(77),Worms:[2(0,1)],Food:[(9,0),(-4,-6),(-3,-6),(7,4)]
Days:(77),Worms:[10(0,0)],Food:[(9,0),(-4,-6),(-3,-6),(7,4)]
Days:(78),Worms:[1(1,-2)],Food:[(9,0),(-4,-6),(-3,-6),(7,4),(3,0)]
Days:(78),Worms:[8(2,-1)],Food:[(9,0),(-4,-6),(-3,-6),(7,4),(3,0)]
Days:(78),Worms:[14(3,-1)],Food:[(9,0),(-4,-6),(-3,-6),(7,4),(3,0)]
Days:(78),Worms:[11(1,-2)],Food:[(9,0),(-4,-6),(-3,-6),(7,4),(3,0)]
Days:(78),Worms:[9(-1,-4)],Food:[(9,0),(-4,-6),(-3,-6),(7,4),(3,0)]
Days:(78),Worms:[12(-1,-5)],Food:[(9,0),(-4,-6),(-3,-6),(7,4),(3,0)]
Days:(78),Worms:[3(-1,-4)],Food:[(9,0),(-4,-6),(-3,-6),(7,4),(3,0)]
Days:(78),Worms:[13(-1,-3)],Food:[(9,0),(-4,-6),(-3,-6),(7,4),(3,0)]
Days:(78),Worms:[2(1,1)],Food:[(9,0),(-4,-6),(-3,-6),(7,4),(3,0)]
Days:(78),Worms:[10(1,0)],Food:[(9,0),(-4,-6),(-3,-6),(7,4),(3,0)]
Days:(79),Worms:[1(2,-2)],Food:[(9,0),(-4,-6),(-3,-6),(7,4),(-2,1)]
Days:(79),Worms:[8(3,-1)],Food:[(9,0),(-4,-6),(-3,-6),(7,4),(-2,1)]
Days:(79),Worms:[14(3,0)],Food:[(9,0),(-4,-6),(-3,-6),(7,4),(-2,1)]
Days:(79),Worms:[11(2,-2)],Food:[(9,0),(-4,-6),(-3,-6),(7,4),(-2,1)]
Days:(79),Worms:[9(-2,-4)],Food:[(9,0),(-4,-6),(-3,-6),(7,4),(-2,1)]
Days:(79),Worms:[12(-2,-5)],Food:[(9,0),(-4,-6),(-3,-6),(7,4),(-2,1)]
Days:(79),Worms:[3(-2,-4)],Food:[(9,0),(-4,-6),(-3,-6),(7,4),(-2,1)]
Days:(79),Worms:[13(-2,-3)],Food:[(9,0),(-4,-6),(-3,-6),(7,4),(-2,1)]
Days:(79),Worms:[2(2,1)],Food:[(9,0),(-4,-6),(-3,-6),(7,4),(-2,1)]
Days:(79),Worms:[10(2,0)],Food:[(9,0),(-4,-6),(-3,-6),(7,4),(-2,1)]
Days:(80),Worms:[1(1,-2)],Food:[(9,0),(-4,-6),(-3,-6),(7,4),(-2,1),(-4,-2)]
Days:(80),Worms:[8(4,-1)],Food:[(9,0),(-4,-6),(-3,-6),(7,4),(-2,1),(-4,-2)]
Days:(80),Worms:[14(4,0)],Food:[(9,0),(-4,-6),(-3,-6),(7,4),(-2,1),(-4,-2)]
Days:(80),Worms:[9(-3,-4)],Food:[(9,0),(-4,-6),(-3,-6),(7,4),(-2,1),(-4,-2)]
Days:(80),Worms:[12(-3,-5)],Food:[(9,0),(-4,-6),(-3,-6),(7,4),(-2,1),(-4,-2)]
Days:(80),Worms:[3(-3,-4)],Food:[(9,0),(-4,-6),(-3,-6),(7,4),(-2,1),(-4,-2)]
Days:(80),Worms:[13(-3,-3)],Food:[(9,0),(-4,-6),(-3,-6),(7,4),(-2,1),(-4,-2)]
Days:(80),Worms:[2(1,1)],Food:[(9,0),(-4,-6),(-3,-6),(7,4),(-2,1),(-4,-2)]
Days:(80),Worms:[10(1,0)],Food:[(9,0),(-4,-6),(-3,-6),(7,4),(-2,1),(-4,-2)]
Days:(81),Worms:[1(0,-2)],Food:[(-4,-6),(7,4),(-2,1),(-4,-2),(-7,-1)]
Days:(81),Worms:[8(5,-1)],Food:[(-4,-6),(7,4),(-2,1),(-4,-2),(-7,-1)]
Days:(81),Worms:[14(5,0)],Food:[(-4,-6),(7,4),(-2,1),(-4,-2),(-7,-1)]
Days:(81),Worms:[9(-3,-5)],Food:[(-4,-6),(7,4),(-2,1),(-4,-2),(-7,-1)]
Days:(81),Worms:[12(-3,-6)],Food:[(-4,-6),(7,4),(-2,1),(-4,-2),(-7,-1)]
Days:(81),Worms:[3(-3,-5)],Food:[(-4,-6),(7,4),(-2,1),(-4,-2),(-7,-1)]
Days:(81),Worms:[2(0,1)],Food:[(-4,-6),(7,4),(-2,1),(-4,-2),(-7,-1)]
Days:(81),Worms:[10(0,0)],Food:[(-4,-6),(7,4),(-2,1),(-4,-2),(-7,-1)]
Days:(82),Worms:[1(1,-2)],Food:[(7,4),(-2,1),(-4,-2),(-7,-1),(1,-3)]
Days:(82),Worms:[8(4,-1)],Food:[(7,4),(-2,1),(-4,-2),(-7,-1),(1,-3)]
Days:(82),Worms:[14(6,0)],Food:[(7,4),(-2,1),(-4,-2),(-7,-1),(1,-3)]
Days:(82),Worms:[9(-4,-5)],Food:[(7,4),(-2,1),(-4,-2),(-7,-1),(1,-3)]
Days:(82),Worms:[12(-4,-6)],Food:[(7,4),(-2,1),(-4,-2),(-7,-1),(1,-3)]
Days:(82),Worms:[3(-4,-5)],Food:[(7,4),(-2,1),(-4,-2),(-7,-1),(1,-3)]
Days:(82),Worms:[2(-1,1)],Food:[(7,4),(-2,1),(-4,-2),(-7,-1),(1,-3)]
Days:(82),Worms:[10(-1,0)],Food:[(7,4),(-2,1),(-4,-2),(-7,-1),(1,-3)]
Days:(83),Worms:[1(1,-3)],Food:[(7,4),(-4,-2),(-7,-1),(-11,-7)]
Days:(83),Worms:[8(3,-1)],Food:[(7,4),(-4,-2),(-7,-1),(-11,-7)]
Days:(83),Worms:[14(7,0)],Food:[(7,4),(-4,-2),(-7,-1),(-11,-7)]
Days:(83),Worms:[9(-4,-4)],Food:[(7,4),(-4,-2),(-7,-1),(-11,-7)]
Days:(83),Worms:[12(-4,-5)],Food:[(7,4),(-4,-2),(-7,-1),(-11,-7)]
Days:(83),Worms:[3(-4,-4)],Food:[(7,4),(-4,-2),(-7,-1),(-11,-7)]
Days:(83),Worms:[2(-2,1)],Food:[(7,4),(-4,-2),(-7,-1),(-11,-7)]
Days:(83),Worms:[10(-2,0)],Food:[(7,4),(-4,-2),(-7,-1),(-11,-7)]
Days:(84),Worms:[1(2,-3)],Food:[(7,4),(-4,-2),(-7,-1),(-11,-7),(2,-7)]
Days:(84),Worms:[8(2,-1)],Food:[(7,4),(-4,-2),(-7,-1),(-11,-7),(2,-7)]
Days:(84),Worms:[14(7,1)],Food:[(7,4),(-4,-2),(-7,-1),(-11,-7),(2,-7)]
Days:(84),Worms:[12(-4,-4)],Food:[(7,4),(-4,-2),(-7,-1),(-11,-7),(2,-7)]
Days:(84),Worms:[3(-4,-3)],Food:[(7,4),(-4,-2),(-7,-1),(-11,-7),(2,-7)]
Days:(84),Worms:[2(-3,1)],Food:[(7,4),(-4,-2),(-7,-1),(-11,-7),(2,-7)]
Days:(84),Worms:[10(-3,0)],Food:[(7,4),(-4,-2),(-7,-1),(-11,-7),(2,-7)]
Days:(85),Worms:[1(2,-4)],Food:[(7,4),(-7,-1),(-11,-7),(2,-7),(6,-3)]
Days:(85),Worms:[8(2,-2)],Food:[(7,4),(-7,-1),(-11,-7),(2,-7),(6,-3)]
Days:(85),Worms:[14(7,2)],Food:[(7,4),(-7,-1),(-11,-7),(2,-7),(6,-3)]
Days:(85),Worms:[12(-4,-3)],Food:[(7,4),(-7,-1),(-11,-7),(2,-7),(6,-3)]
Days:(85),Worms:[3(-4,-2)],Food:[(7,4),(-7,-1),(-11,-7),(2,-7),(6,-3)]
Days:(85),Worms:[2(-4,1)],Food:[(7,4),(-7,-1),(-11,-7),(2,-7),(6,-3)]
Days:(85),Worms:[10(-4,0)],Food:[(7,4),(-7,-1),(-11,-7),(2,-7),(6,-3)]
Days:(86),Worms:[1(2,-5)],Food:[(-7,-1),(-11,-7),(2,-7),(6,-3),(4,-7)]
Days:(86),Worms:[8(2,-3)],Food:[(-7,-1),(-11,-7),(2,-7),(6,-3),(4,-7)]
Days:(86),Worms:[14(7,3)],Food:[(-7,-1),(-11,-7),(2,-7),(6,-3),(4,-7)]
Days:(86),Worms:[12(-5,-3)],Food:[(-7,-1),(-11,-7),(2,-7),(6,-3),(4,-7)]
Days:(86),Worms:[3(-5,-2)],Food:[(-7,-1),(-11,-7),(2,-7),(6,-3),(4,-7)]
Days:(86),Worms:[2(-5,1)],Food:[(-7,-1),(-11,-7),(2,-7),(6,-3),(4,-7)]
Days:(86),Worms:[10(-5,0)],Food:[(-7,-1),(-11,-7),(2,-7),(6,-3),(4,-7)]
Days:(87),Worms:[1(2,-6)],Food:[(-7,-1),(-11,-7),(2,-7),(6,-3),(4,-7),(7,-11)]
Days:(87),Worms:[8(2,-4)],Food:[(-7,-1),(-11,-7),(2,-7),(6,-3),(4,-7),(7,-11)]
Days:(87),Worms:[14(6,3)],Food:[(-7,-1),(-11,-7),(2,-7),(6,-3),(4,-7),(7,-11)]
Days:(87),Worms:[12(-6,-3)],Food:[(-7,-1),(-11,-7),(2,-7),(6,-3),(4,-7),(7,-11)]
Days:(87),Worms:[3(-6,-2)],Food:[(-7,-1),(-11,-7),(2,-7),(6,-3),(4,-7),(7,-11)]
Days:(87),Worms:[2(-6,1)],Food:[(-7,-1),(-11,-7),(2,-7),(6,-3),(4,-7),(7,-11)]
Days:(87),Worms:[10(-6,0)],Food:[(-7,-1),(-11,-7),(2,-7),(6,-3),(4,-7),(7,-11)]
Days:(88),Worms:[1(2,-7)],Food:[(-7,-1),(-11,-7),(6,-3),(4,-7),(7,-11),(10,1)]
Days:(88),Worms:[8(2,-5)],Food:[(-7,-1),(-11,-7),(6,-3),(4,-7),(7,-11),(10,1)]
Days:(88),Worms:[14(6,2)],Food:[(-7,-1),(-11,-7),(6,-3),(4,-7),(7,-11),(10,1)]
Days:(88),Worms:[12(-7,-3)],Food:[(-7,-1),(-11,-7),(6,-3),(4,-7),(7,-11),(10,1)]
Days:(88),Worms:[3(-7,-2)],Food:[(-7,-1),(-11,-7),(6,-3),(4,-7),(7,-11),(10,1)]
Days:(88),Worms:[2(-7,1)],Food:[(-7,-1),(-11,-7),(6,-3),(4,-7),(7,-11),(10,1)]
Days:(88),Worms:[10(-7,0)],Food:[(-7,-1),(-11,-7),(6,-3),(4,-7),(7,-11),(10,1)]
Days:(89),Worms:[1(2,-7)],Food:[(-11,-7),(6,-3),(4,-7),(7,-11),(10,1),(8,2)]
Days:(89),Worms:[15(3,-7)],Food:[(-11,-7),(6,-3),(4,-7),(7,-11),(10,1),(8,2)]
Days:(89),Worms:[8(3,-5)],Food:[(-11,-7),(6,-3),(4,-7),(7,-11),(10,1),(8,2)]
Days:(89),Worms:[14(7,2)],Food:[(-11,-7),(6,-3),(4,-7),(7,-11),(10,1),(8,2)]
Days:(89),Worms:[12(-7,-2)],Food:[(-11,-7),(6,-3),(4,-7),(7,-11),(10,1),(8,2)]
Days:(89),Worms:[3(-7,-1)],Food:[(-11,-7),(6,-3),(4,-7),(7,-11),(10,1),(8,2)]
Days:(89),Worms:[2(-7,0)],Food:[(-11,-7),(6,-3),(4,-7),(7,-11),(10,1),(8,2)]
Days:(89),Worms:[10(-7,-1)],Food:[(-11,-7),(6,-3),(4,-7),(7,-11),(10,1),(8,2)]
Days:(90),Worms:[1(3,-7)],Food:[(-11,-7),(6,-3),(7,-11),(10,1),(3,11)]
Days:(90),Worms:[15(4,-7)],Food:[(-11,-7),(6,-3),(7,-11),(10,1),(3,11)]
Days:(90),Worms:[14(8,2)],Food:[(-11,-7),(6,-3),(7,-11),(10,1),(3,11)]
Days:(90),Worms:[12(-8,-2)],Food:[(-11,-7),(6,-3),(7,-11),(10,1),(3,11)]
Days:(90),Worms:[3(-8,-1)],Food:[(-11,-7),(6,-3),(7,-11),(10,1),(3,11)]
Days:(90),Worms:[2(-8,0)],Food:[(-11,-7),(6,-3),(7,-11),(10,1),(3,11)]
Days:(90),Worms:[10(-8,-1)],Food:[(-11,-7),(6,-3),(7,-11),(10,1),(3,11)]
Days:(91),Worms:[1(4,-7)],Food:[(-11,-7),(6,-3),(7,-11),(10,1),(3,11),(-2,3)]
Days:(91),Worms:[15(5,-7)],Food:[(-11,-7),(6,-3),(7,-11),(10,1),(3,11),(-2,3)]
Days:(91),Worms:[14(9,2)],Food:[(-11,-7),(6,-3),(7,-11),(10,1),(3,11),(-2,3)]
Days:(91),Worms:[12(-9,-2)],Food:[(-11,-7),(6,-3),(7,-11),(10,1),(3,11),(-2,3)]
Days:(91),Worms:[3(-9,-1)],Food:[(-11,-7),(6,-3),(7,-11),(10,1),(3,11),(-2,3)]
Days:(91),Worms:[2(-7,0)],Food:[(-11,-7),(6,-3),(7,-11),(10,1),(3,11),(-2,3)]
Days:(91),Worms:[10(-9,-1)],Food:[(-11,-7),(6,-3),(7,-11),(10,1),(3,11),(-2,3)]
Days:(92),Worms:[1(5,-7)],Food:[(6,-3),(7,-11),(10,1),(3,11),(-2,3),(-4,-7)]
Days:(92),Worms:[15(6,-7)],Food:[(6,-3),(7,-11),(10,1),(3,11),(-2,3),(-4,-7)]
Days:(92),Worms:[14(10,2)],Food:[(6,-3),(7,-11),(10,1),(3,11),(-2,3),(-4,-7)]
Days:(92),Worms:[12(-10,-2)],Food:[(6,-3),(7,-11),(10,1),(3,11),(-2,3),(-4,-7)]
Days:(92),Worms:[3(-10,-1)],Food:[(6,-3),(7,-11),(10,1),(3,11),(-2,3),(-4,-7)]
Days:(92),Worms:[2(-6,0)],Food:[(6,-3),(7,-11),(10,1),(3,11),(-2,3),(-4,-7)]
Days:(92),Worms:[10(-10,-1)],Food:[(6,-3),(7,-11),(10,1),(3,11),(-2,3),(-4,-7)]
Days:(93),Worms:[1(4,-7)],Food:[(6,-3),(7,-11),(3,11),(-2,3),(-4,-7),(4,-4)]
Days:(93),Worms:[15(6,-6)],Food:[(6,-3),(7,-11),(3,11),(-2,3),(-4,-7),(4,-4)]
Days:(93),Worms:[14(10,1)],Food:[(6,-3),(7,-11),(3,11),(-2,3),(-4,-7),(4,-4)]
Days:(93),Worms:[12(-9,-2)],Food:[(6,-3),(7,-11),(3,11),(-2,3),(-4,-7),(4,-4)]
Days:(93),Worms:[3(-9,-1)],Food:[(6,-3),(7,-11),(3,11),(-2,3),(-4,-7),(4,-4)]
Days:(93),Worms:[2(-5,0)],Food:[(6,-3),(7,-11),(3,11),(-2,3),(-4,-7),(4,-4)]
Days:(93),Worms:[10(-9,-1)],Food:[(6,-3),(7,-11),(3,11),(-2,3),(-4,-7),(4,-4)]
Days:(94),Worms:[1(4,-6)],Food:[(7,-11),(3,11),(-2,3),(-4,-7),(4,-4),(4,3)]
Days:(94),Worms:[15(6,-5)],Food:[(7,-11),(3,11),(-2,3),(-4,-7),(4,-4),(4,3)]
Days:(94),Worms:[14(10,1)],Food:[(7,-11),(3,11),(-2,3),(-4,-7),(4,-4),(4,3)]
Days:(94),Worms:[16(11,1)],Food:[(7,-11),(3,11),(-2,3),(-4,-7),(4,-4),(4,3)]
Days:(94),Worms:[12(-8,-2)],Food:[(7,-11),(3,11),(-2,3),(-4,-7),(4,-4),(4,3)]
Days:(94),Worms:[3(-8,-1)],Food:[(7,-11),(3,11),(-2,3),(-4,-7),(4,-4),(4,3)]
Days:(94),Worms:[2(-4,0)],Food:[(7,-11),(3,11),(-2,3),(-4,-7),(4,-4),(4,3)]
Days:(94),Worms:[10(-8,-1)],Food:[(7,-11),(3,11),(-2,3),(-4,-7),(4,-4),(4,3)]
Days:(95),Worms:[1(4,-5)],Food:[(7,-11),(3,11),(-2,3),(-4,-7),(4,-4),(4,3)]
Days:(95),Worms:[15(5,-5)],Food:[(7,-11),(3,11),(-2,3),(-4,-7),(4,-4),(4,3)]
Days:(95),Worms:[14(9,1)],Food:[(7,-11),(3,11),(-2,3),(-4,-7),(4,-4),(4,3)]
Days:(95),Worms:[16(10,1)],Food:[(7,-11),(3,11),(-2,3),(-4,-7),(4,-4),(4,3)]
Days:(95),Worms:[12(-7,-2)],Food:[(7,-11),(3,11),(-2,3),(-4,-7),(4,-4),(4,3)]
Days:(95),Worms:[3(-7,-1)],Food:[(7,-11),(3,11),(-2,3),(-4,-7),(4,-4),(4,3)]
Days:(95),Worms:[2(-4,1)],Food:[(7,-11),(3,11),(-2,3),(-4,-7),(4,-4),(4,3)]
Days:(95),Worms:[10(-7,-1)],Food:[(7,-11),(3,11),(-2,3),(-4,-7),(4,-4),(4,3)]
Days:(96),Worms:[1(4,-4)],Food:[(3,11),(-2,3),(-4,-7),(4,3),(0,-2)]
Days:(96),Worms:[15(4,-5)],Food:[(3,11),(-2,3),(-4,-7),(4,3),(0,-2)]
Days:(96),Worms:[14(8,1)],Food:[(3,11),(-2,3),(-4,-7),(4,3),(0,-2)]
Days:(96),Worms:[16(9,1)],Food:[(3,11),(-2,3),(-4,-7),(4,3),(0,-2)]
Days:(96),Worms:[12(-6,-2)],Food:[(3,11),(-2,3),(-4,-7),(4,3),(0,-2)]
Days:(96),Worms:[3(-6,-1)],Food:[(3,11),(-2,3),(-4,-7),(4,3),(0,-2)]
Days:(96),Worms:[2(-3,1)],Food:[(3,11),(-2,3),(-4,-7),(4,3),(0,-2)]
Days:(96),Worms:[10(-6,-1)],Food:[(3,11),(-2,3),(-4,-7),(4,3),(0,-2)]
Days:(97),Worms:[1(3,-4)],Food:[(3,11),(-2,3),(-4,-7),(4,3),(0,-2),(3,-3)]
Days:(97),Worms:[15(3,-5)],Food:[(3,11),(-2,3),(-4,-7),(4,3),(0,-2),(3,-3)]
Days:(97),Worms:[14(7,1)],Food:[(3,11),(-2,3),(-4,-7),(4,3),(0,-2),(3,-3)]
Days:(97),Worms:[16(8,1)],Food:[(3,11),(-2,3),(-4,-7),(4,3),(0,-2),(3,-3)]
Days:(97),Worms:[12(-5,-2)],Food:[(3,11),(-2,3),(-4,-7),(4,3),(0,-2),(3,-3)]
Days:(97),Worms:[3(-5,-1)],Food:[(3,11),(-2,3),(-4,-7),(4,3),(0,-2),(3,-3)]
Days:(97),Worms:[2(-2,1)],Food:[(3,11),(-2,3),(-4,-7),(4,3),(0,-2),(3,-3)]
Days:(97),Worms:[10(-5,-1)],Food:[(3,11),(-2,3),(-4,-7),(4,3),(0,-2),(3,-3)]
Days:(98),Worms:[1(3,-3)],Food:[(3,11),(-2,3),(-4,-7),(4,3),(0,-2),(9,0)]
Days:(98),Worms:[15(3,-4)],Food:[(3,11),(-2,3),(-4,-7),(4,3),(0,-2),(9,0)]
Days:(98),Worms:[14(8,1)],Food:[(3,11),(-2,3),(-4,-7),(4,3),(0,-2),(9,0)]
Days:(98),Worms:[16(9,1)],Food:[(3,11),(-2,3),(-4,-7),(4,3),(0,-2),(9,0)]
Days:(98),Worms:[12(-4,-2)],Food:[(3,11),(-2,3),(-4,-7),(4,3),(0,-2),(9,0)]
Days:(98),Worms:[3(-4,-1)],Food:[(3,11),(-2,3),(-4,-7),(4,3),(0,-2),(9,0)]
Days:(98),Worms:[2(-2,2)],Food:[(3,11),(-2,3),(-4,-7),(4,3),(0,-2),(9,0)]
Days:(98),Worms:[10(-4,-1)],Food:[(3,11),(-2,3),(-4,-7),(4,3),(0,-2),(9,0)]
Days:(99),Worms:[1(3,-3)],Food:[(-4,-7),(4,3),(0,-2),(-1,3)]
Days:(99),Worms:[17(4,-3)],Food:[(-4,-7),(4,3),(0,-2),(-1,3)]
Days:(99),Worms:[15(2,-4)],Food:[(-4,-7),(4,3),(0,-2),(-1,3)]
Days:(99),Worms:[14(9,1)],Food:[(-4,-7),(4,3),(0,-2),(-1,3)]
Days:(99),Worms:[16(9,0)],Food:[(-4,-7),(4,3),(0,-2),(-1,3)]
Days:(99),Worms:[12(-3,-2)],Food:[(-4,-7),(4,3),(0,-2),(-1,3)]
Days:(99),Worms:[3(-3,-1)],Food:[(-4,-7),(4,3),(0,-2),(-1,3)]
Days:(99),Worms:[2(-2,3)],Food:[(-4,-7),(4,3),(0,-2),(-1,3)]
Days:(99),Worms:[10(-3,-1)],Food:[(-4,-7),(4,3),(0,-2),(-1,3)]
Days:(100),Worms:[1(2,-3)],Food:[(-4,-7),(4,3),(0,-2),(3,4)]
Days:(100),Worms:[17(3,-3)],Food:[(-4,-7),(4,3),(0,-2),(3,4)]
Days:(100),Worms:[15(1,-4)],Food:[(-4,-7),(4,3),(0,-2),(3,4)]
Days:(100),Worms:[14(8,1)],Food:[(-4,-7),(4,3),(0,-2),(3,4)]
Days:(100),Worms:[16(8,0)],Food:[(-4,-7),(4,3),(0,-2),(3,4)]
Days:(100),Worms:[12(-2,-2)],Food:[(-4,-7),(4,3),(0,-2),(3,4)]
Days:(100),Worms:[3(-2,-1)],Food:[(-4,-7),(4,3),(0,-2),(3,4)]
Days:(100),Worms:[2(-1,3)],Food:[(-4,-7),(4,3),(0,-2),(3,4)]
Days:(100),Worms:[10(-2,-1)],Food:[(-4,-7),(4,3),(0,-2),(3,4)]
Worms = 9
